5.0699E-01	4.7045E-03	1.8538E-03	1173.23		0.003
4.6152E-01	4.3337E-03	1.6818E-03	1332.492	0.004
				
1.6178E+00	3.6060E-02	2.4087E-02	53.1622		0.0006
1.1214E+00	8.9209E-03	9.6408E-03	276.3989	0.0012
				
9.7145E-01	2.2730E-03	5.7076E-03	356.0129	0.0007
				
				
7.0531E-01	5.8914E-03	4.0955E-03	661.6570	0.0030
				
4.6398E-01	2.7282E-03	2.3537E-03	1274.5370	0.0070
				
5.1912E-01	1.0985E-02	4.0346E-03	1115.539	0.002
				
1.6004E+00	2.1737E-02	8.6206E-03	122.06065	0.00012
				
				
5.8098E-01	5.1616E-04	4.0039E-03	898.042		0.003
3.7937E-01	3.9733E-04	2.5839E-03	1836.063	0.012
